Locations:
  dminacobblestone: 2339.5,28,1889.5,2.5500412,-180.4519,Esparcraft
  dfarmmelon: 2162.5,37,1979.5,-20.099901,-87.333984,Esparcraft
  dbosquebirch: 2662.5,46,1995.5,-20.100027,-39.56079,Esparcraft
  dtemplo: 2363.5,26,1888.5,33.59985,-70.20227,Esparcraft
  dbosquespruce: 2263.5,51,1777.5,5.399917,-141.87073,Esparcraft
  dtaverna: 2335.5,69,1855.5,23.999872,-179.25226,Esparcraft
  testschematics: 2303.5,51,1759.5,12.750046,-87.26416,Esparcraft
  dminasand: 2296.5,38,1500.5,14.699976,-129.56909,Esparcraft
  dminacoal: 2152.5,43,1895.5,-7.6499934,-213.86841,Esparcraft
  dbosqueoak: 2313.5,71,1955.5,0.30004182,-357.30176,Esparcraft
