spawn:
  world: Esparcraft
  x: 2331.3012214123737
  y: 69.0
  z: 1853.4208033905702
  yaw: -89.66885
  pitch: -24.900043
firstspawn:
  world: Esparcraft
  x: 2331.3012214123737
  y: 69.0
  z: 1853.4208033905702
  yaw: -89.66885
  pitch: -24.900043
