Locations:
  dmeslajhoplaniciesvenloth: 2296.646897595407,46.0,1550.813370010556,-9.750348,-359.93604,Planiciesvenloth
  dmeslajhosenderoolvidado: 199.53192671118057,71.0,-64.89175808186253,-14.100024,-1.644989,Senderoolvidado
  dbosquesorgrimmeslajho: 1962.8079061762637,45.0,1896.9777301589809,-2.2499597,-90.894196,Meslajho
  dcienegaespesameslajho: 2650.3809489222085,44.875,1899.0967237868263,-10.200477,-272.09174,Meslajho
  dplaniciesvenlothmeslajho: 2188.0191500722763,52.0,2232.1316882203346,2.2499604,-221.69714,Meslajho
  dmeslajhocienegaespesa: -414.81378403800437,67.0,-45.42494190595463,1.1996267,-94.98389,Cienegaespesa
  dmeslajhobosquesorgrim: 2646.613254836865,47.0,1865.8148674342435,-16.500483,-256.8656,bosquesorgrim
  dsenderoolvidadomeslajho: 2229.3381196468617,45.9375,1600.0641234782777,-1.3501084,-342.7418,Meslajho
Cuboids:
  senderoolvidadomeslajho: 178,68,-89,Senderoolvidado|213,99,-79,Senderoolvidado
  meslajhoplaniciesvenloth: 2177,52,2245,Meslajho|2212,84,2255,Meslajho
  meslajhobosquesorgrim: 1940,45,1878,Meslajho|1950,75,1917,Meslajho
  meslajhocienegaespesa: 2663,44,1883,Meslajho|2674,85,1921,Meslajho
  canterameslajho: 2332,20,1894,Meslajho|2340,25,1902,Meslajho
  cienegaespesameslajho: -436,67,-65,Cienegaespesa|-426,108,-26,Cienegaespesa
  meslajhosenderoolvidado: 2210,46,1583,Meslajho|2245,77,1593,Meslajho
  bosquesorgrimmeslajho: 2654,47,1845,bosquesorgrim|2664,85,1885,bosquesorgrim
  planiciesvenlothmeslajho: 2276,46,1526,Planiciesvenloth|2311,77,1536,Planiciesvenloth
