Cuboids:
  norendalmeslajho: 2660,47,1910,Norendal|2670,76,1948,Norendal
  meslajhohurlton: 2174,52,2248,Meslajho|2212,81,2258,Meslajho
  meslajholeshir: 2210,46,1580,Meslajho|2248,75,1590,Meslajho
  meslajhonorendal: 1940,45,1878,Meslajho|1950,75,1917,Meslajho
  hurltonmeslajho: 268,70,-97,Hurlton|306,99,-87,Hurlton
  leshirmeslajho: 2288,47,2248,Leshir|2326,76,2258,Leshir
Locations:
  dleshirmeslajho: 2230.1409447237756,45.9375,1601.7257269273182,-2.549919,-340.64627,Meslajho
  dmeslajhonorendal: 2646.791478781867,47.0,1931.4593769976723,-8.100112,87.89798,Norendal
  dnorendalmeslajho: 1962.8079061762637,45.0,1896.9777301589809,-2.2499597,-90.894196,Meslajho
  dhurltonmeslajho: 2191.358509088448,52.0,2235.809933660823,-0.14992331,-228.89935,Meslajho
  dmeslajhohurlton: 287.80148066733676,69.9375,-75.10880247191186,6.299696,-1.3430481,Hurlton
  dmeslajholeshir: 2304.3831223581483,47.0,2234.0834146714083,2.249537,-179.55118,Leshir
