Cuboids:
  entradames: 2964,106,3170,Esparcraft|2968,119,3184,Esparcraft
  bosquespruce: 2256,45,1671,Esparcraft|2344,132,1780,Esparcraft
  minacobblestone: 2281,6,1833,Esparcraft|2355,50,1871,Esparcraft
  mineria_sand: 2192,24,1406,Esparcraft|2248,42,1446,Esparcraft
  grua: 2345,29,1895,Esparcraft|2349,92,1902,Esparcraft
  crematorio: 2260,63,1899,Esparcraft|2285,91,1937,Esparcraft
  establo: 2352,68,1837,Esparcraft|2380,87,1863,Esparcraft
  bosqueoak: 2292,63,1963,Esparcraft|2334,89,2003,Esparcraft
  libreria: 2331,70,1916,Esparcraft|2341,82,1942,Esparcraft
  herreria: 2294,64,1842,Esparcraft|2315,83,1866,Esparcraft
  puente2mes: 2211,44,1796,Esparcraft|2231,54,1822,Esparcraft
  armeria: 2290,65,1874,Esparcraft|2307,74,1891,Esparcraft
  taberna: 2318,57,1843,Esparcraft|2350,90,1865,Esparcraft
  contmescarp: 2290,72,1947,Esparcraft|2293,77,1949,Esparcraft
  minairon: 2624,52,3145,Esparcraft|2654,84,3205,Esparcraft
  deshuesadero: 2351,68,1900,Esparcraft|2369,84,1918,Esparcraft
  minaormel: 2684,22,2945,Esparcraft|2787,74,2996,Esparcraft
  cantera: 2331,25,1887,Esparcraft|2348,36,1905,Esparcraft
  contmesmin: 2346,29,1899,Esparcraft|2348,31,1901,Esparcraft
  mina_arena: 2245,2,1422,Esparcraft|2385,8,1552,Esparcraft
  arcano: 2308,64,1870,Esparcraft|2328,75,1888,Esparcraft
  beermes: 2338,70,1854,Esparcraft|2338,70,1854,Esparcraft
  puente1mes: 2169,41,1892,Esparcraft|2187,51,1904,Esparcraft
  molino: 2259,69,1854,Esparcraft|2273,93,1870,Esparcraft
  aserradero: 2285,66,1935,Esparcraft|2301,82,1953,Esparcraft
  entrada: 2256,70,1893,Esparcraft|2256,76,1901,Esparcraft
  fragua: 2303,63,1898,Esparcraft|2317,79,1914,Esparcraft
  cocina: 2268,64,1842,Esparcraft|2283,82,1852,Esparcraft
Locations:
  dbosquespruce: 2263.5,51,1777.5,5.399917,-141.87073,Esparcraft
  dtaverna: 2335.5,69,1855.5,23.999872,-179.25226,Esparcraft
  dminacobblestone: 2339.5,28,1889.5,2.5500412,-180.4519,Esparcraft
  dbosqueoak: 2313.5,71,1955.5,0.30004182,-357.30176,Esparcraft
