Cuboids:
  carpinteriameslajho: 2284,63,1937,Meslajho|2296,67,1952,Meslajho
  cocinameslajho: 2270,63,1845,Meslajho|2277,65,1851,Meslajho
  fraguameslajho: 2293,53,1878,Meslajho|2301,59,1891,Meslajho
  meslajhoplaniciesvenloth: 2177,52,2245,Meslajho|2212,84,2255,Meslajho
  meslajhobosquesorgrim: 1940,45,1878,Meslajho|1950,75,1917,Meslajho
  meslajhocienegaespesa: 2663,44,1883,Meslajho|2674,85,1921,Meslajho
  pigmenteriameslajho: 2258,63,1861,Meslajho|2265,68,1868,Meslajho
  canterameslajho: 2332,20,1894,Meslajho|2340,25,1902,Meslajho
  mecanicameslajho: 2340,63,1882,Meslajho|2348,69,1890,Meslajho
  alquimiameslajho: 2353,63,1907,Meslajho|2361,66,1914,Meslajho
  peleteriameslajho: 2348,65,1867,Meslajho|2356,67,1873,Meslajho
  meslajhosenderoolvidado: 2210,46,1583,Meslajho|2245,77,1593,Meslajho
  armeriameslajho: 2304,63,1905,Meslajho|2310,67,1911,Meslajho
Locations:
  dmeslajhoplaniciesvenloth: 2296.646897595407,46.0,1550.813370010556,-9.750348,-359.93604,Planiciesvenloth
  dmeslajhosenderoolvidado: 199.53192671118057,71.0,-64.89175808186253,-14.100024,-1.644989,Senderoolvidado
  dbosquesorgrimmeslajho: 1962.8079061762637,45.0,1896.9777301589809,-2.2499597,-90.894196,Meslajho
  dcienegaespesameslajho: 2650.3809489222085,44.875,1899.0967237868263,-10.200477,-272.09174,Meslajho
  dplaniciesvenlothmeslajho: 2188.0191500722763,52.0,2232.1316882203346,2.2499604,-221.69714,Meslajho
  dmeslajhocienegaespesa: -414.81378403800437,67.0,-45.42494190595463,1.1996267,-94.98389,Cienegaespesa
  dmeslajhobosquesorgrim: 2646.613254836865,47.0,1865.8148674342435,-16.500483,-256.8656,bosquesorgrim
  dsenderoolvidadomeslajho: 2229.3381196468617,45.9375,1600.0641234782777,-1.3501084,-342.7418,Meslajho
